"A"	"M"	"Rp"	"car_den200"	"car_den100"	"car_den50"	"car_den40"	"car_den30"	"car_den20"	"car_den15"	"car_den10"	"car_den9"	"car_den8"	"car_den7"	"car_den6"	"car_den5"	"car_den4"	"car_den3"	"car_den2"	"car_den1"	"carc_dist"	"POINT_X"	"POINT_Y"
"1"	0	0	1	0.00627414	0.0184633	0.0189833	0.0120779	0.00445324	0.000439203	0	0	0	0	0	0	0	0	0	0	0	16.0312	34.4591379999765	370.725549999624
"2"	0	0	0	0.00633737	0.0193209	0.02344	0.0165596	0.00878439	0.00173371	0.000580714	0	0	0	0	0	0	0	0	0	0	12.2066	36.1387349999859	361.024890000001
"3"	0	0	0	0.00635736	0.0195968	0.0247338	0.0172701	0.00944495	0.00247126	0.000818352	0	0	0	0	0	0	0	0	0	0	11.4018	37.6530159999966	351.317619999871
"4"	0	0	1	0.00628528	0.0186331	0.0185391	0.0104706	0.00372849	0.0001375	0	0	0	0	0	0	0	0	0	0	0	18.0278	39.2929369999911	341.451639999636
"5"	0	0	1	0.00615757	0.016969	0.0105629	0.00395988	0.000279329	0	0	0	0	0	0	0	0	0	0	0	0	24.2074	41.2469549999805	331.691469999962
"6"	0	0	0	0.00649923	0.0214968	0.0393681	0.0370829	0.0273399	0.0110473	0.00624376	0.00554346	0.0056911	0.00561996	0.00478426	0.00260339	4.7284e-06	0	0	0	0	5	23.3665299999993	370.252749999985
"7"	0	1	0	0.0066046	0.0230128	0.0536643	0.0579627	0.0564677	0.0467504	0.0389407	0.0245288	0.02273	0.0205508	0.0178426	0.0182498	0.021651	0.0224906	0.0104309	0	0	2.82843	23.7500589999836	359.586649999954
"8"	1	1	0	0.00662704	0.023348	0.0572088	0.0630092	0.0608464	0.0540971	0.0554859	0.0624077	0.0620693	0.0583649	0.0479901	0.0301786	0.0144489	0.00423273	0	0	0	3.60555	24.0591980000027	350.467899999581
"9"	0	0	0	0.0066043	0.0230183	0.0536265	0.056255	0.0480938	0.0296557	0.0172845	0.00521332	0.00354817	0.00177308	0.000332555	0	0	0	0	0	0	6.32456	24.5898579999921	340.496129999869
"10"	0	0	0	0.0064988	0.02151	0.0388573	0.0334849	0.0191208	0.00241565	0	0	0	0	0	0	0	0	0	0	0	15.6525	25.4957820000127	330.811999999918
"11"	0	0	0	0.00640935	0.0201868	0.0289497	0.0226375	0.0112558	0.00353256	0.0017555	0.00014079	0	0	0	0	0	0	0	0	0	9.48683	13.1996819999767	381.563579999842
"12"	0	0	1	0.00659435	0.0228111	0.0512068	0.0541984	0.0499771	0.0310146	0.0213888	0.0150849	0.0120295	0.0075664	0.00302914	0.0004874	0	0	0	0	0	5.38516	13.358384000021	372.183629999869
"13"	2	1	0	0.00671408	0.0245804	0.0709426	0.0881325	0.106913	0.121114	0.116713	0.0991915	0.0908009	0.0805249	0.0691449	0.0560813	0.0458557	0.0450815	0.0572831	0.0388152	0	1.41421	13.4774109999998	361.593569999561
"14"	3	0	0	0.0067571	0.0252368	0.0792661	0.104494	0.135088	0.168474	0.183209	0.207205	0.215699	0.221541	0.220407	0.207672	0.184798	0.166322	0.176449	0.211061	0.285136	1	13.9568229999859	351.664780000225
"15"	0	0	0	0.00674179	0.0250101	0.076498	0.0986721	0.119981	0.126966	0.118048	0.097502	0.0934099	0.0901016	0.0893976	0.0863244	0.0768769	0.0515615	0.0175695	0	0	2.23607	14.3998659999925	341.983959999867
"16"	1	0	1	0.00664866	0.0236316	0.060158	0.0672497	0.0652129	0.0437047	0.0290805	0.0110951	0.00686775	0.0029155	0.000230609	0	0	0	0	0	0	6.32456	14.8627470000065	331.906379999593
"17"	0	0	0	0.00646629	0.020932	0.0337805	0.0284736	0.0166477	0.0029548	2.57422e-05	0	0	0	0	0	0	0	0	0	0	14.1421	3.33032100001583	381.804170000367
"18"	2	0	0	0.00666441	0.0237968	0.0611094	0.0697895	0.073041	0.0637097	0.0508709	0.0299578	0.0239317	0.0171744	0.0100401	0.00192018	0	0	0	0	0	5.38516	4.35535199998412	370.917320000008
"19"	9	1	0	0.00677451	0.0254567	0.0813997	0.108488	0.143581	0.193287	0.22887	0.267535	0.276353	0.285052	0.29688	0.319696	0.347818	0.361442	0.356854	0.371867	0.21876	1	5.25962299999082	360.993479999714
"20"	6	4	0	0.00681262	0.0260465	0.0894287	0.125669	0.180314	0.256878	0.301394	0.331026	0.329081	0.321176	0.307647	0.285122	0.262117	0.246137	0.256523	0.298631	0.013614	1	5.91592200001469	353.035240000114
"21"	2	1	0	0.00680409	0.0259213	0.0879067	0.122658	0.171886	0.224213	0.249602	0.278367	0.281746	0.281953	0.280813	0.277831	0.266831	0.222097	0.14046	0.0421895	0	2	6.33912700001383	343.220510000363
"22"	2	0	0	0.00672755	0.0247667	0.0732021	0.092212	0.108877	0.127704	0.136744	0.14205	0.144069	0.14456	0.142287	0.137426	0.132358	0.121764	0.129946	0.136816	0	1.41421	6.72265700000571	332.496550000273
"23"	0	1	1	0.00656147	0.0223346	0.0464579	0.045641	0.0397627	0.0268806	0.0176567	0.00958036	0.00740861	0.00519699	0.00222642	0	0	0	0	0	0	6.32456	7.13925000000745	321.549420000054
"24"	0	1	1	0.00645701	0.0207619	0.0316722	0.0256714	0.0142568	0.00428137	0.00345458	0.00580906	0.00625385	0.00642433	0.00591496	0.0040088	0.000548233	0	0	0	0	4.47214	-6.53954099997645	382.301669999957
"25"	2	1	0	0.00662711	0.0232043	0.0536373	0.0564789	0.0521003	0.0322365	0.019499	0.00867274	0.00549265	0.00206665	7.70642e-06	0	0	0	0	0	0	6.7082	-6.22808799997438	372.985399999656
"26"	9	2	0	0.00675799	0.0251634	0.0765418	0.0980144	0.119448	0.142033	0.150203	0.145807	0.142077	0.136928	0.130463	0.123865	0.12582	0.138161	0.142143	0.0892583	0	1.41421	-5.82802700001048	362.9508100003
"27"	10	0	0	0.00681073	0.0259694	0.0871374	0.120145	0.165368	0.213327	0.230584	0.24088	0.24801	0.259024	0.272891	0.282043	0.281012	0.27301	0.238397	0.143619	0	1.41421	-6.56202299997676	354.04861999955
"28"	5	1	0	0.00681246	0.0260099	0.0881906	0.123006	0.173767	0.23104	0.242316	0.223382	0.212681	0.198489	0.183242	0.163943	0.137748	0.112849	0.0830945	0.00384746	0	1.41421	-4.69562200002838	342.577440000139
"29"	11	0	1	0.00673852	0.0248965	0.0741588	0.0944107	0.115935	0.144862	0.170086	0.221763	0.234942	0.249457	0.263808	0.27587	0.269873	0.250962	0.276941	0.414376	0.946223	0	-3.99768299999414	332.697119999677
"30"	2	0	0	0.00635968	0.0193847	0.0217726	0.0146594	0.00670725	0.00544289	0.00718932	0.00942021	0.00944623	0.00859075	0.00617349	0.00212648	0	0	0	0	0	5	-16.3893909999751	382.502480000257
"31"	1	0	0	0.00659192	0.0226641	0.0472678	0.0462038	0.037859	0.0215249	0.0135281	0.0117846	0.0107362	0.00913646	0.00661078	0.00219083	0	0	0	0	0	5.09902	-15.8938830000116	370.823079999536
"32"	2	0	0	0.00670494	0.0243367	0.0654486	0.0762535	0.0796496	0.0705624	0.063679	0.0637028	0.0637871	0.0620868	0.0569857	0.0452899	0.0249541	0.00595645	0	0	0	3	-15.5741079999716	360.625620000064
"33"	1	2	0	0.00674704	0.0249753	0.0734218	0.0915481	0.105584	0.107476	0.110827	0.109301	0.109304	0.109142	0.107238	0.100992	0.0813105	0.0507818	0.0127891	0	0	2.23607	-15.8300300000119	352.922369999811
"34"	5	1	0	0.00673402	0.024788	0.071608	0.0885862	0.102177	0.107683	0.117826	0.173535	0.193884	0.222101	0.266287	0.335478	0.443812	0.612756	0.850071	1.01444	0.630373	0	-15.8490660000243	342.279579999857
"35"	2	2	1	0.00667311	0.0238851	0.0614084	0.0702523	0.0738215	0.071279	0.063505	0.0336862	0.0238678	0.014409	0.00735986	0.00148382	0	0	0	0	0	5.09902	-16.1486160000204	333.617390000261
"36"	1	0	1	0.00642613	0.0202847	0.0268692	0.0197723	0.0109244	0.00667369	0.00723193	0.00641076	0.00705085	0.00758844	0.00762088	0.00636999	0.00269584	0	0	0	0	4.47214	-25.1417299999739	373.702870000154
"37"	0	0	0	0.00654119	0.0219141	0.0395937	0.0348175	0.0241403	0.0130773	0.0093531	0.00382068	0.00280168	0.00177016	0.000402741	0	0	0	0	0	0	6.7082	-25.525260000024	363.631900000386
"38"	0	0	1	0.00660665	0.0228692	0.0489549	0.0480679	0.0386019	0.0240733	0.0101259	0.000866615	4.07261e-05	0	0	0	0	0	0	0	0	9.05539	-26.1099280000199	353.541400000453
"39"	0	0	0	0.0065877	0.0226013	0.0467923	0.0452052	0.035533	0.0241095	0.0155371	0.000474056	5.55544e-06	0	0	0	0	0	0	0	0	9.21954	-26.6196420000051	343.744559999555
"40"	2	0	1	0.00649748	0.0213204	0.0361175	0.0311803	0.0210934	0.00826717	0.000904633	0	0	0	0	0	0	0	0	0	0	12.7279	-26.3176519999979	332.478369999677
"41"	0	0	1	0.00623314	0.0176619	0.0127433	0.00661634	0.00324725	0.00266221	0.00235527	0.00156442	0.000828704	7.29623e-05	0	0	0	0	0	0	0	7.61577	-35.0572989999782	374.238490000367
"42"	0	0	1	0.00629216	0.0184486	0.0160282	0.00924362	0.00341181	0.00186896	0.0026177	0.00255289	0.00192193	0.000898448	4.03129e-06	0	0	0	0	0	0	6.7082	-37.3154959999956	363.800520000048
"43"	0	0	0	0.00635921	0.0193641	0.0210011	0.0134292	0.00598512	0.00138086	0.000548704	0	0	0	0	0	0	0	0	0	0	12.2066	-37.4477479999769	353.428690000437
"44"	0	0	0	0.00635485	0.0193148	0.0210938	0.0137569	0.00669084	0.00203692	0.00274004	0.00297191	0.00243165	0.00142621	0.000185986	0	0	0	0	0	0	7.07107	-37.6262880000286	343.966079999693
"45"	4	1	0	0.00628757	0.0184208	0.0169385	0.0103999	0.00489729	0.00248576	0.00141785	0	0	0	0	0	0	0	0	0	0	11.4018	-37.9668359999778	333.524810000323
"46"	0	0	0	0.00615562	0.0167108	0.0105687	0.00532209	0.00207782	0.0018264	0.00100297	0	0	0	0	0	0	0	0	0	0	11.0454	-37.9536109999754	324.207679999992
"47"	0	0	1	0.00590531	0.0135808	0.00317903	0.00156006	0.00111438	0.000406895	0	0	0	0	0	0	0	0	0	0	0	16.1245	-46.8177789999754	374.860070000403
"48"	0	0	1	0.006038	0.0151829	0.00572516	0.00228523	0.00115594	0.000396279	0	0	0	0	0	0	0	0	0	0	0	15.1327	-46.4904560000286	364.868459999561
"49"	0	0	1	0.00610739	0.0160572	0.0077071	0.00349659	0.00126674	0.000932052	0.000457751	0	0	0	0	0	0	0	0	0	0	12.1655	-46.5962569999974	354.926439999603
"50"	0	0	1	0.00611478	0.0161613	0.00811834	0.0039636	0.00186432	0.00265251	0.0036893	0.0068634	0.00777463	0.00866727	0.00926094	0.00883645	0.0058434	0.000141172	0	0	0	3.60555	-46.5764199999976	346.006059999578
"51"	0	0	1	0.00556785	0.00989465	0.00109998	0.000855222	0.00100912	0.00192155	0.00283412	0.00330884	0.00285552	0.00190436	0.000502006	0	0	0	0	0	0	6.08276	-56.6044020000263	375.865179999731
"52"	0	0	1	0.00570293	0.0113177	0.00160067	0.00104524	0.000880435	0.000911793	0.000437044	0	0	0	0	0	0	0	0	0	0	12.53	-57.1234900000272	366.00251000002
"53"	0	0	1	0.00574106	0.0117454	0.00195605	0.00120479	0.000742294	3.61863e-05	0	0	0	0	0	0	0	0	0	0	0	18.3848	-57.5995959999855	356.090250000358
"54"	0	0	1	0.00571604	0.0114881	0.00187859	0.00132136	0.00116689	0.000622999	4.54401e-06	0	0	0	0	0	0	0	0	0	0	14.3178	-58.2939180000103	346.250730000436
"55"	0	0	0	0.00566478	0.0109546	0.00159273	0.00139371	0.00187764	0.00180597	0.0010933	0	0	0	0	0	0	0	0	0	0	10.2956	-58.9551760000177	336.43104000017
"56"	0	0	1	0.00504762	0.00532269	0.000531135	0.000555642	0.000847795	0.00138341	0.00140582	1.92954e-05	0	0	0	0	0	0	0	0	0	9.48683	-65.6338850000175	386.484989999793
"57"	0	0	0	0.00518036	0.00636348	0.00070494	0.000760832	0.00105037	0.00223205	0.00375982	0.00719027	0.00825346	0.00939086	0.0103874	0.0106151	0.00847152	0.00179334	0	0	0	4	-66.5927099999972	376.602479999885
"58"	1	0	1	0.00531668	0.00753302	0.000886778	0.000910733	0.00106946	0.00129946	0.00120946	0	0	0	0	0	0	0	0	0	0	10.7703	-67.1316349999979	366.620790000074
"59"	0	0	1	0.00535352	0.00787866	0.00101171	0.000971685	0.000779535	7.57029e-05	0	0	0	0	0	0	0	0	0	0	0	18	-67.5945160000119	356.761429999955
"60"	0	0	1	0.00541082	0.00841873	0.00108607	0.0010621	0.000600425	0	0	0	0	0	0	0	0	0	0	0	0	21.4709	-66.2176929999841	347.024749999866
"61"	0	0	1	0.00462311	0.00273975	0.000440215	0.000493147	0.000523882	0.000261574	0	0	0	0	0	0	0	0	0	0	0	16.4012	-75.4403470000252	386.613939999603
"62"	0	1	1	0.00480892	0.00375786	0.000595824	0.000759813	0.000915763	0.00086476	0.000362336	0	0	0	0	0	0	0	0	0	0	13	-75.6288049999857	376.718200000003
"63"	1	0	1	0.00494024	0.00460878	0.000718066	0.000876685	0.00118017	0.0008849	2.58691e-05	0	0	0	0	0	0	0	0	0	0	14.1421	-75.9230649999809	366.815860000439
"64"	0	0	1	0.00497055	0.00483488	0.000778752	0.000820699	0.00101713	0.00149539	0.00168041	0.000262446	0	0	0	0	0	0	0	0	0	9	-76.2636129999883	356.893679999746
"65"	0	0	1	0.00418418	0.00117649	0.000369707	0.000333581	0.000102805	0	0	0	0	0	0	0	0	0	0	0	0	25.0799	-85.7163009999786	386.696589999832
"66"	0	0	1	0.00431437	0.00155236	0.000497429	0.000583229	0.000467553	0	0	0	0	0	0	0	0	0	0	0	0	20.025	-86.2915960000246	376.797559999861
"67"	0	0	1	0.00439122	0.00182092	0.000548206	0.000708605	0.000874683	0.00126957	0.00114169	0	0	0	0	0	0	0	0	0	0	10.198	-87.3892849999829	366.630710000172
"68"	0	0	1	0.00371732	0.000456479	0.000243135	0.000123369	0	0	0	0	0	0	0	0	0	0	0	0	0	31.6228	-95.3309979999904	386.984240000136
"69"	0	0	1	0.00382048	0.000574471	0.000342244	0.000298829	0.00014336	0	0	0	0	0	0	0	0	0	0	0	0	23.7065	-96.6039200000232	378.100229999982
"70"	0	0	1	0.0038928	0.000672979	0.000396897	0.000439279	0.000524591	0.000263267	0	0	0	0	0	0	0	0	0	0	0	16.2788	-97.8669239999726	368.369819999672
"71"	0	0	0	0.0062496	0.0180871	0.0170884	0.00982147	0.00320983	0.00165815	0.000882677	0	0	0	0	0	0	0	0	0	0	11.3137	23.8525650000083	382.866879999638
"72"	0	0	0	0.00596696	0.0145978	0.00530052	0.00155389	0.000379676	0	0	0	0	0	0	0	0	0	0	0	0	22.1359	37.2298109999974	384.188769999892
"73"	0	0	1	0.0056016	0.0105613	0.000703004	0.000114888	0	0	0	0	0	0	0	0	0	0	0	0	0	32.249	48.0678349999944	386.529629999772
"74"	0	0	0	0.00527615	0.00747735	7.38045e-05	0	0	0	0	0	0	0	0	0	0	0	0	0	0	42.19	57.9404230000218	386.800739999861
"75"	0	0	0	0.00492008	0.00471048	0	0	0	0	0	0	0	0	0	0	0	0	0	0	0	51.0882	67.4030299999868	388.063740000129
